3,2
3,1
3,3
10,272
10,314
10,196
10,294
10,68
10,16
10,22
10,2
10,3
11,23
11,19
11,11
9,7
9,2
9,3
8,9
8,15
8,8
8,18
8,12
8,14
8,2
8,3
95,3
95,2
95,1
95,0
92,3
92,2
92,1
92,0
89,12
89,11
89,10
89,9
89,8
89,7
89,6
89,5
89,2
89,1
89,0
87,5
87,2
87,1
87,0
33,77
33,76
33,75
33,74
33,73
33,72
33,71
33,70
33,69
33,68
33,67
33,66
33,65
33,64
33,35
33,34
33,33
33,32
33,31
33,30
33,29
33,28
33,27
33,26
33,25
33,24
33,23
33,22
33,21
33,20
33,19
33,18
33,17
33,16
33,15
33,14
33,13
33,12
33,11
33,10
33,9
33,8
33,7
33,6
33,5
33,1
20,3
20,2
20,1
19,3
19,2
19,1
17,3
17,2
17,1
16,3
16,2
16,1
15,3
15,1
12,3
12,2
12,1
11,29
11,26
11,25
11,24
11,22
11,21
11,18
11,15
11,12
11,10
11,9
